 2.82718792e+01  2.81794566e-12 
 2.82691263e+01  3.73860849e-12 
 2.82659574e+01  4.95991831e-12 
 2.82623098e+01  6.57997558e-12 
 2.82581118e+01  8.72885001e-12 
 2.82532808e+01  1.15789774e-11 
 2.82477223e+01  1.53589263e-11 
 2.82413276e+01  2.03716213e-11 
 2.82339726e+01  2.70184557e-11 
 2.82255147e+01  3.58311848e-11 
 2.82157911e+01  4.75140880e-11 
 2.82046156e+01  6.29996760e-11 
 2.81917755e+01  8.35222466e-11 
 2.81770287e+01  1.10714935e-10 
 2.81600993e+01  1.46737654e-10 
 2.81406740e+01  1.94445596e-10 
 2.81183979e+01  2.57610900e-10 
 2.80928692e+01  3.41213893e-10 
 2.80636354e+01  4.51825185e-10 
 2.80301879e+01  5.98106123e-10 
 2.79919575e+01  7.91463029e-10 
 2.79483105e+01  1.04690064e-09 
 2.78985450e+01  1.38413267e-09 
 2.78418886e+01  1.82902303e-09 
 2.77774986e+01  2.41545026e-09 
 2.77044637e+01  3.18771106e-09 
 2.76218101e+01  4.20360683e-09 
 2.75285119e+01  5.53838999e-09 
 2.74235072e+01  7.28978562e-09 
 2.73057218e+01  9.58434822e-09 
 2.71741004e+01  1.25854632e-08 
 2.70276488e+01  1.65033588e-08 
 2.68654838e+01  2.16075545e-08 
 2.66868946e+01  2.82422421e-08 
 2.64914099e+01  3.68451689e-08 
 2.62788688e+01  4.79706837e-08 
 2.60494874e+01  6.23177100e-08 
 2.58039111e+01  8.07635477e-08 
 2.55432379e+01  1.04404568e-07 
 2.52689966e+01  1.34605074e-07 
 2.49830625e+01  1.73055827e-07 
 2.46874966e+01  2.21843929e-07 
 2.43843008e+01  2.83535856e-07 
 2.40751006e+01  3.61275187e-07 
 2.37607837e+01  4.58895894e-07 
 2.34411480e+01  5.81050511e-07 
 2.31146320e+01  7.33350027e-07 
 2.27782070e+01  9.22508788e-07 
 2.24274945e+01  1.15648333e-06 
 2.20571383e+01  1.44458959e-06 
 2.16614001e+01  1.79757930e-06 
 2.12348962e+01  2.22765488e-06 
 2.07733455e+01  2.74840413e-06 
 2.02741957e+01  3.37464148e-06 
 1.97370190e+01  4.12215217e-06 
 1.91636238e+01  5.00734721e-06 
 1.85578884e+01  6.04684911e-06 
 1.79253776e+01  7.25703809e-06 
 1.72728261e+01  8.65359441e-06 
 1.66075820e+01  1.02510731e-05 
 1.59370847e+01  1.20625429e-05 
 1.52684305e+01  1.40993129e-05 
 1.46080493e+01  1.63707591e-05 
 1.39614983e+01  1.88842535e-05 
 1.33333592e+01  2.16451869e-05 
 1.27272212e+01  2.46570713e-05 
 1.21457259e+01  2.79217025e-05 
 1.15906537e+01  3.14393631e-05 
 1.10630340e+01  3.52090469e-05 
 1.05632640e+01  3.92286880e-05 
 1.00912259e+01  4.34953819e-05 
 9.64639799e+00  4.80055888e-05 
 9.22795221e+00  5.27553142e-05 
 8.83483964e+00  5.77402626e-05 
 8.46586179e+00  6.29559654e-05 
 8.11972883e+00  6.83978821e-05 
 7.79510609e+00  7.40614792e-05 
 7.49065018e+00  7.99422873e-05 
 7.20503623e+00  8.60359416e-05 
 6.93697785e+00  9.23382078e-05 
 6.68524108e+00  9.88449958e-05 
 6.44865365e+00  1.05552366e-04 
 6.22611015e+00  1.12456526e-04 
 6.01657344e+00  1.19553824e-04 
 5.81908070e+00  1.26840742e-04 
 5.63273592e+00  1.34313884e-04 
 5.45670998e+00  1.41969960e-04 
 5.29023768e+00  1.49805777e-04 
 5.13261429e+00  1.57818224e-04 
 4.98319175e+00  1.66004262e-04 
 4.84137488e+00  1.74360907e-04 
 4.70661747e+00  1.82885228e-04 
 4.57841860e+00  1.91574331e-04 
 4.45631896e+00  2.00425355e-04 
 4.33989745e+00  2.09435461e-04 
 4.22876794e+00  2.18601832e-04 
 4.12257628e+00  2.27921662e-04 
 4.02099750e+00  2.37392155e-04 
 3.92373322e+00  2.47010522e-04 
 3.83050930e+00  2.56773979e-04 
 3.74107366e+00  2.66679741e-04 
 3.65519434e+00  2.76725026e-04 
 3.57265764e+00  2.86907052e-04 
 3.49326651e+00  2.97223035e-04 
 3.41683907e+00  3.07670194e-04 
 3.34320725e+00  3.18245743e-04 
 3.27221554e+00  3.28946901e-04 
 3.20371993e+00  3.39770885e-04 
 3.13758686e+00  3.50714917e-04 
 3.07369233e+00  3.61776219e-04 
 3.01192109e+00  3.72952020e-04 
 2.95216586e+00  3.84239552e-04 
 2.89432668e+00  3.95636055e-04 
 2.83831028e+00  4.07138775e-04 
 2.78402956e+00  4.18744967e-04 
 2.73140305e+00  4.30451898e-04 
 2.68035446e+00  4.42256845e-04 
 2.63081230e+00  4.54157094e-04 
 2.58270945e+00  4.66149950e-04 
 2.53598287e+00  4.78232726e-04 
 2.49057324e+00  4.90402755e-04 
 2.44642472e+00  5.02657384e-04 
 2.40348467e+00  5.14993976e-04 
 2.36170341e+00  5.27409911e-04 
 2.32103402e+00  5.39902591e-04 
 2.28143212e+00  5.52469432e-04 
 2.24285574e+00  5.65107872e-04 
 2.20526508e+00  5.77815369e-04 
 2.16862241e+00  5.90589399e-04 
 2.13289193e+00  6.03427460e-04 
 2.09803962e+00  6.16327072e-04 
 2.06403315e+00  6.29285775e-04 
 2.03084172e+00  6.42301128e-04 
 1.99843604e+00  6.55370716e-04 
 1.96678815e+00  6.68492142e-04 
 1.93587140e+00  6.81663031e-04 
 1.90566036e+00  6.94881030e-04 
 1.87613070e+00  7.08143807e-04 
 1.84725919e+00  7.21449052e-04 
 1.81902358e+00  7.34794474e-04 
 1.79140258e+00  7.48177805e-04 
 1.76437578e+00  7.61596796e-04 
 1.73792361e+00  7.75049218e-04 
 1.71202731e+00  7.88532863e-04 
 1.68666884e+00  8.02045541e-04 
 1.66183089e+00  8.15585081e-04 
 1.63749681e+00  8.29149331e-04 
 1.61365056e+00  8.42736156e-04 
 1.59027673e+00  8.56343440e-04 
 1.56736045e+00  8.69969081e-04 
 1.54488741e+00  8.83610994e-04 
 1.52284378e+00  8.97267111e-04 
 1.50121622e+00  9.10935377e-04 
 1.47999186e+00  9.24613750e-04 
 1.45915824e+00  9.38300201e-04 
 1.43870332e+00  9.51992717e-04 
 1.41861544e+00  9.65689291e-04 
 1.39888333e+00  9.79387929e-04 
 1.37949604e+00  9.93086647e-04 
 1.36044297e+00  1.00678347e-03 
 1.34171383e+00  1.02047642e-03 
 1.32329864e+00  1.03416355e-03 
 1.30518770e+00  1.04784290e-03 
 1.28737155e+00  1.06151251e-03 
 1.26984104e+00  1.07517043e-03 
 1.25258723e+00  1.08881472e-03 
 1.23560141e+00  1.10244343e-03 
 1.21887511e+00  1.11605461e-03 
 1.20240007e+00  1.12964632e-03 
 1.18616822e+00  1.14321661e-03 
 1.17017168e+00  1.15676352e-03 
 1.15440276e+00  1.17028509e-03 
 1.13885396e+00  1.18377936e-03 
 1.12351794e+00  1.19724435e-03 
 1.10838750e+00  1.21067808e-03 
 1.09345564e+00  1.22407856e-03 
 1.07871548e+00  1.23744378e-03 
 1.06416031e+00  1.25077173e-03 
 1.04978356e+00  1.26406038e-03 
 1.03557880e+00  1.27730769e-03 
 1.02153975e+00  1.29051159e-03 
